image: fve_map.pgm
resolution: 0.050000
origin: [-25.404998, -25.664998, 0.000000]
negate: 0
occupied_thresh: 0.65
free_thresh: 0.196

