free_thresh: 0.196
image: sve.pgm
negate: 0
occupied_thresh: 0.65
origin: [-2.0999999999999943, -1.8999999999999915, 0.0]
resolution: 0.05
