T_horizon: 100

init_control_seq: [2.836710,0.108377,2.718815,0.174860,2.634173,0.219293,2.572814,0.248578,2.527150,0.267527,2.492094,0.279674,2.464529,0.287433,2.442450,0.292224,2.424407,0.294449,2.409216,0.293329,2.395856,0.286682,2.383483,0.271090,2.371486,0.242742,2.359438,0.198879,2.346783,0.139431,2.332335,0.066215,2.314175,-0.008538,2.293182,-0.077266,2.270423,-0.136752,2.246897,-0.185731,2.223355,-0.224719,2.200363,-0.254608,2.178251,-0.276457,2.157147,-0.291253,2.137045,-0.299878,2.117867,-0.303134,2.099526,-0.301730,2.081951,-0.296306,2.065057,-0.287538,2.048820,-0.275660,2.033002,-0.262414,2.017892,-0.245369,2.002761,-0.230730,1.988546,-0.209765,1.973940,-0.195237,1.960255,-0.173100,1.946109,-0.158534,1.932510,-0.138444,1.918498,-0.124093,1.904421,-0.106923,1.889972,-0.093414,1.874832,-0.079117,1.859403,-0.067056,1.843206,-0.055410,1.826880,-0.044955,1.809995,-0.035266,1.792994,-0.026414,1.775600,-0.018406,1.757996,-0.010959,1.740104,-0.004344,1.721896,0.001909,1.703471,0.007367,1.684630,0.012633,1.665621,0.017146,1.646102,0.021618,1.626445,0.025383,1.606190,0.029238,1.585806,0.032420,1.564742,0.035811,1.543543,0.038545,1.521580,0.041591,1.499457,0.043969,1.476487,0.046757,1.453311,0.048859,1.429192,0.051453,1.404791,0.053321,1.379344,0.055756,1.353492,0.057401,1.326481,0.059690,1.298863,0.061106,1.269982,0.063248,1.240162,0.064408,1.209021,0.066393,1.176416,0.067249,1.142497,0.069052,1.106392,0.069459,1.068852,0.070974,1.028422,0.070571,0.985670,0.071571,0.939881,0.070019,0.889905,0.070453,0.838013,0.068196,0.781263,0.068558,0.725392,0.066811,0.667503,0.067598,0.612614,0.067124,0.557257,0.068189,0.503062,0.069196,0.449632,0.070092,0.398237,0.067899,0.347733,0.066393,0.299439,0.066353,0.252820,0.065739,0.208811,0.064938,0.166950,0.063557,0.127766,0.063399,0.090271,0.060791,0.058804,0.060058,0.034208,0.055330,0.029468,0.053833]
