T_horizon: 20

init_control_seq: [2.953706,0.219309,2.908220,0.365559,2.839484,0.307635,2.802969,0.229205,2.772478,0.119868,2.749509,0.037207,2.720502,-0.033389,2.685702,-0.080784,2.654078,-0.121590,2.620229,-0.152250,2.583960,-0.171829,2.546262,-0.182018,2.516852,-0.205564,2.485676,-0.217215,2.455893,-0.227459,2.426019,-0.235363,2.394379,-0.241517,2.364236,-0.247292,2.335620,-0.252352,2.312670,-0.256546]
