T_horizon: 40

init_control_seq: [2.941871,0.118056,2.943425,0.236341,2.966349,0.244883,3.006609,0.203368,3.065357,0.135612,3.140324,0.051164,3.198817,-0.055754,3.241950,-0.080334,3.272021,-0.107149,3.281392,-0.161643,3.214154,-0.186269,3.093986,-0.122342,2.965156,-0.084334,2.830490,-0.012741,2.693147,0.046809,2.555569,0.095753,2.418165,0.138225,2.281886,0.180513,2.145644,0.171973,2.009004,0.137968,1.879611,0.121586,1.757563,0.082475,1.640719,0.061849,1.527931,0.028649,1.419814,0.020034,1.315512,0.035924,1.215378,0.048671,1.118702,0.032837,1.025876,0.030852,0.933108,0.066554,0.845111,0.120204,0.759559,0.055087,0.669754,0.004195,0.580729,-0.040748,0.493604,-0.088414,0.412238,-0.082838,0.324989,-0.118473,0.236375,-0.152558,0.162558,-0.146402,0.127738,-0.121692]
