# TrajClient params
T_horizon: 50
X_des: [8.000000,0.300000,0.000000,0.000000,0.000000,0.000000]
timestep: 0.02

# Rampup params
kp_ramp: 0.45
kd_ramp: 0.05
ki_ramp: 0.1
accel_ramp: 3
target_vel_ramp: 3
timeout_ramp: 2.5

# iLQR params
timeout_ilqr_mpc: 5
stop_goal_threshold: 0.3

ilqr_tolFun: 0.0000001
ilqr_tolConstraint: 0.0000001
ilqr_tolGrad: 0.00001
ilqr_max_iter: 20
ilqr_regType: 1
ilqr_debug_level: 2

init_control_seq: [1.154412,0.049338,1.237698,0.159501,1.303686,0.209363,1.370044,0.237389,1.435736,0.251846,1.501065,0.254956,1.566959,0.250843,1.631570,0.241441,1.694670,0.230465,1.756524,0.216861,1.816926,0.201975,1.875796,0.184365,1.933348,0.165544,1.989650,0.139357,2.045089,0.109956,2.099041,0.061683,2.149730,-0.002066,2.193913,-0.084081,2.230917,-0.160767,2.259829,-0.222179,2.280278,-0.268191,2.291692,-0.300350,2.294370,-0.321020,2.290958,-0.332233,2.286574,-0.335288,2.286619,-0.330764,2.294605,-0.318998,2.311832,-0.300251,2.338080,-0.275028,2.371904,-0.244897,2.410833,-0.212714,2.450969,-0.176013,2.488092,-0.147575,2.508612,-0.097642,2.493295,-0.076923,2.335864,-0.005709,1.833779,0.065533,1.411886,0.110333,1.090312,0.135029,0.840822,0.138910,0.648455,0.124706,0.501142,0.094231,0.389249,0.052225,0.305167,0.007791,0.243014,-0.035317,0.198297,-0.070710,0.167708,-0.100636,0.148837,-0.118267,0.140107,-0.130876,0.009177,-0.139680]

Opt_car_param: {g: 9.81, m: 2.35, L: 0.257, b: 0.14328,
                c_x: 116, c_a: 197, Iz: 0.025, mu: 1.31, mu_s: 0.55,
                limThr: [0, 4.0], limSteer: [-0.68, 0.76]}
Opt_cost: {cu: [0.01, 0.01], cdu: [1.0, 1.5],
           cf: [10, 10, 5, 10, 0.1, 0.1],
           pf: [0.01, 0.01, 0.1, 0.1, 0.1, 0.1],
           cx: [0.05, 0.05, 0.04], cdx: [0.001, 0.005, 0.002],
           px: [0.01, 0.01, 0.1],
           cdrift: -0.001,
           k_pos: 0.5, k_vel: 0, d_thres: 0.3}

######
# TrajServer params
old_msg_discard_thres: 0.5

# Obstacle detection params
scan_clip_angle: 0.35 #radians
naive_obstacle_dist_thres: 1.5
naive_obstacle_percent_thres: 0.2
