# Traj client params
T_horizon: 150
X_des: [8.000000,0.300000,0.000000,0.000000,0.000000,0.000000]
timestep: 0.02

# Rampup params
kp_ramp: 0.45
kd_ramp: 0.05
ki_ramp: 0.1
accel_ramp: 3
target_vel_ramp: 3
timeout_ramp: 2.5

# iLQR params
timeout_ilqr_mpc: 5
stop_goal_threshold: 0.3

ilqr_tolFun: 1e-7
ilqr_tolConstraint: 1e-7
ilqr_tolGrad: 1e-5
ilqr_max_iter: 20
ilqr_regType: 1
ilqr_debug_level: 2

init_control_seq: [0.159000,-0.095000,0.298000,-0.035000,0.386000,-0.131000,0.454000,-0.042000,0.491000,-0.088000,0.528000,-0.238000,0.561000,-0.100000,0.569000,-0.088000,0.547000,0.066000,0.500000,0.170000,0.577000,0.252000,0.656000,0.244000,0.739000,0.275000,0.797000,0.291000,0.831000,0.350000,0.872000,0.383000,0.950000,0.308000,1.032000,0.274000,1.089000,0.249000,1.178000,0.224000,1.256000,0.191000,1.330000,0.181000,1.411000,0.186000,1.472000,0.178000,1.531000,0.189000,1.616000,0.178000,1.667000,0.161000,1.741000,0.141000,1.829000,-0.027000,1.888000,-0.129000,1.950000,-0.155000,2.013000,-0.041000,2.059000,0.037000,2.113000,0.072000,2.159000,0.077000,2.208000,0.037000,2.263000,-0.022000,2.314000,-0.084000,2.360000,-0.145000,2.404000,-0.193000,2.444000,-0.227000,2.478000,-0.248000,2.510000,-0.243000,2.505000,-0.232000,2.568000,-0.222000,2.604000,-0.214000,2.545000,-0.195000,2.531000,-0.135000,2.569000,-0.111000,2.638000,-0.078000,2.655000,-0.049000,2.696000,-0.052000,2.710000,-0.091000,2.717000,-0.037000,2.682000,0.015000,2.501000,0.009000,2.354000,0.011000,2.286000,0.020000,2.289000,0.015000,2.358000,0.003000,2.441000,-0.011000,2.498000,-0.003000,2.556000,0.014000,2.560000,0.024000,2.577000,0.035000,2.643000,-0.006000,2.641000,0.030000,2.667000,0.036000,2.656000,0.008000,2.678000,0.002000,2.673000,0.009000,2.648000,0.026000,2.569000,0.041000,2.322000,0.020000,2.125000,0.031000,2.007000,0.049000,1.945000,0.066000,1.943000,0.085000,1.973000,0.081000,2.122000,0.083000,2.174000,0.047000,2.214000,0.017000,2.258000,0.026000,2.293000,0.037000,2.320000,0.017000,2.345000,-0.001000,2.374000,-0.010000,2.387000,-0.029000,2.351000,-0.024000,2.391000,-0.005000,2.421000,0.009000,2.418000,0.007000,2.337000,0.003000,2.312000,0.004000,2.326000,0.003000,2.368000,0.006000,2.392000,0.021000,2.394000,0.016000,2.370000,0.015000,2.284000,0.005000,2.052000,-0.011000,1.857000,-0.010000,1.731000,-0.013000,1.664000,-0.012000,1.657000,-0.003000,1.732000,0.015000,1.757000,0.002000,1.698000,0.001000,1.492000,0.021000,1.349000,0.009000,1.262000,0.011000,1.166000,0.008000,1.138000,0.024000,1.159000,0.013000,1.105000,0.006000,1.087000,-0.012000,1.152000,0.008000,1.086000,-0.008000,1.137000,0.044000,1.136000,0.088000,1.082000,0.029000,1.000000,0.029000,0.943000,0.035000,0.976000,-0.031000,1.017000,-0.090000,0.939000,-0.076000,0.860000,-0.102000,0.803000,-0.033000,0.771000,0.004000,0.724000,-0.028000,0.644000,-0.020000,0.542000,-0.058000,0.502000,-0.017000,0.487000,0.010000,0.480000,-0.023000,0.445000,-0.027000,0.370000,-0.076000,0.310000,0.066000,0.260000,0.187000,0.211000,0.269000,0.208000,0.193000,0.196000,0.139000,0.186000,0.061000,0.168000,-0.014000,0.145000,-0.065000,0.116000,-0.056000,0.075000,-0.155000,0.029000,-0.174000,0.057000,-0.278000,0.000000,-0.274000]

Opt_car_param: {g: 9.81, L: 0.257, m: 2.35, b: 0.14328, c_x: 116, c_a: 197, Iz: 0.025, mu: 1.31, mu_s: 0.55, limThr: [0, 2.0], limSteer: [-0.68, 0.76]}
Opt_cost: {cu: [1e-2, 1e-2], cdu: [10e-1, 15e-1], cf: [10, 10, 5, 10, 0.1, 0.1], pf: [0.01, 0.01, 0.1, 0.1, 0.1, 0.1], cx: [5e-2, 5e-2, 4e-2], cdx: [1e-3, 5e-3, 2e-3], px: [0.01, 0.01, 0.1], cdrift: -0.001, k_pos: 0.5, k_vel: 0, d_thres: 0.3}

# Traj server params
old_msg_discard_thres: 0.5

# Obstacle detection params
scan_clip_angle: 0.35 #radians
naive_obstacle_dist_thres: 1.5
naive_obstacle_percent_thres: 0.2
