image: fve_map.png
resolution: 0.048000
origin: [0.100000, 0.100000, 0.000000]
negate: 0
occupied_thresh: 0.75
free_thresh: 0.196
