image: fve_map.png
resolution: 0.10000
origin: [0.000000, 0.000000, 0.000000]
negate: 0
occupied_thresh: 0.75
free_thresh: 0.196
